Id,SalePrice
2658,112606.59874084756
2718,163316.32692180207
2414,214915.83579584688
1989,105058.07285024405
625,177928.4308702553
333,95866.3988037157
1327,113835.81160455785
858,154912.19147868227
95,182791.08904334513
1568,162574.14608251466
2482,160933.61006924682
1364,118966.34619339368
2584,146653.63263353865
818,284002.03821088345
2673,159065.18410224485
2089,123746.23571233382
1297,135050.2360561959
790,120062.86109158662
2616,182282.215468002
720,183507.18637403293
222,151031.79204328082
557,122853.89383318141
1148,191559.83909042052
2766,167341.3789056458
534,179787.29421715465
1452,122471.18304572473
630,123700.0132852458
2648,117923.50863267705
125,157828.5103158536
1904,78317.44735779478
1670,114020.1675574476
756,90155.00426505583
717,212709.48961499234
1032,161038.54685655682
852,215157.7485183175
1731,174223.87416131172
2639,115596.9184632267
2071,91650.5922721483
1267,125610.2608928226
1851,184777.40687825307
567,158790.66232122437
2439,198436.34461746147
1898,150403.95694815935
647,154518.27602761835
2256,220341.53754326963
979,99887.3998592582
1444,221350.11264801034
2485,124754.56126035281
157,135480.6522102584
88,126574.42052197923
2003,113129.97987408188
186,203078.4143335342
1425,241086.44135318891
2695,130014.73487257089
738,113961.27305721444
395,158173.30642249156
1353,170687.71093989638
1878,139644.02612217964
390,162135.7811089512
1456,237739.09285751454
1103,319216.84521056345
1387,128734.19313842774
2070,142413.91283689023
1199,174556.81818219105
2479,174002.95900804212
501,292208.4373038972
2362,102032.74321286949
1718,193976.95493694092
2188,92124.28928594256
1483,156255.91407710366
2557,97528.16211898832
437,378991.95016233897
2224,181386.5923067573
1628,169458.5741175295
397,139999.48422911318
587,196930.49931703438
2182,1096856.7958287634
971,132288.03051683967
2611,144022.49039405215
1887,105347.34483554141
2399,352029.9725543689
2148,197881.1269482389
304,135998.20597524644
1997,135547.76491240808
2817,132207.10128738763
1431,192876.85094104699
427,339939.325247884
263,126548.77791847466
598,173479.4577208778
2895,214026.7132548937
687,151633.46830229092
1822,136340.84312251504
2191,104427.55214704384
179,127657.49307864216
1009,201246.69894883348
2010,132307.15968852074
1991,136977.23068483546
1411,170917.35036963504
1721,219893.351880331
1144,190580.8591305411
593,219544.74007779243
575,321879.85199943656
1249,167531.04867445191
1604,129705.90531023548
1064,584998.3514437709
1923,148810.138839943
1988,101872.7648543378
2325,170786.76285586457
114,198245.53386893513
2700,165316.6137346992
217,125937.23151424229
343,164968.93158902734
386,220828.83297180166
2005,108858.41908349156
2908,136184.34324974724
1814,231750.17098177545
2446,578071.1644920089
208,146235.07900678774
1679,110834.43108859623
822,336588.86691051285
6,190602.5468128169
1781,432982.91532454296
2397,274410.4280479101
2340,348784.2638616034
1618,170876.48588150658
2843,123593.90747971919
1061,359327.7328959738
2786,123032.02604105212
1935,137384.36397741988
1341,90942.51000963245
521,273044.5305152112
2136,139725.83838492938
996,199595.50357468124
227,145814.67790433034
135,180971.98714249503
1167,164858.59981875896
294,241541.6365584903
1776,196523.90036688827
540,168513.21735085346
1717,196693.8113362192
2303,133617.6822996777
116,182979.21434429957
127,139053.53162547713
1371,139203.14545709186
1014,142695.89380738972
1507,103584.95836087423
702,116882.27240597518
750,147813.1841492167
261,149750.7565806235
1559,87888.63235319644
577,201348.33062866327
2812,195857.95452264568
2080,150094.29439819983
1368,111632.37282547036
2376,129623.71837844001
659,106961.18031186737
1235,137511.18342239544
332,86088.69302983372
1917,146204.94904304473
2094,246838.38243706687
1460,252976.59903958716
1471,211378.45882073665
1509,124479.15866360563
1922,138553.76389624312
433,543593.652893791
460,235280.70971769094
1116,242262.77914386385
1137,165574.45172077886
53,172163.86031400945
2354,262033.89057567238
1475,194795.00423228156
1761,756405.172239599
842,142699.35068716801
2739,169587.28182112484
2509,153499.4062533893
1007,195504.2353338369
2610,182564.25945966181
1952,91738.42504912787
2719,159582.16872995443
2921,93879.35342244322
1966,140408.5289203519
292,108314.86994760683
1204,182210.2075968976
1829,242021.38731354213
2419,183106.01798791497
391,150354.5220637732
798,111578.96128296475
481,198054.40469092215
193,187379.1539647267
555,125251.39076710228
899,66930.29273058007
2357,183542.63117369465
328,124107.00331141164
1356,106261.02259049541
1154,118697.75585748458
1730,174065.94420298366
2249,157041.5169555017
1119,289290.5559805347
2856,125854.14750397408
1394,126962.60729101754
2587,125750.93618144747
61,317414.2492864482
2661,169973.44331716845
2711,137279.31050381207
1147,177965.27707017967
757,132893.62746274634
2623,111958.81812955253
2378,146201.51056986913
1413,139592.6864889858
1722,209279.41213590073
1112,214615.10506416237
1623,190498.72392316625
1201,182480.64965581833
1513,105568.21341937031
957,419648.7580937689
1171,264572.706220769
1145,196013.76607773648
2726,232717.1782203564
703,143926.29161351855
760,98200.3432585842
1964,145725.93603438887
2512,178697.96675933554
159,141986.7784136966
1281,164619.68440469203
468,183519.4031934755
290,122041.84216798618
665,90567.81420790416
1463,247708.77891717412
1792,217808.25183466898
923,148104.07142311442
500,251716.52016278153
1408,159115.17058928218
331,86768.18687868491
170,123299.76284238757
2192,101522.88335993268
2571,300900.23639902065
2314,171143.82366744426
2647,91510.40604411064
422,439613.8494364342
2457,394498.21523381316
1838,196973.01675227046
2805,249270.64421057864
1645,157971.928965492
1711,278479.4833844507
2825,246514.19360394918
322,333966.0788299425
2103,254541.4611495975
342,122211.04168845229
600,127948.4199008502
488,180650.72435784375
1725,301956.2202946749
2246,297715.1253522739
2847,154031.79320462802
806,237435.7445300483
530,232717.8485799916
963,183590.8422832221
2678,97845.91026198369
171,94330.61399173472
2401,471779.17137112207
805,222784.70540623943
2259,232487.50554836038
1748,181501.434770477
1361,137159.37846689567
1677,113557.50248141246
1406,147405.51538590208
2322,258934.6183826115
688,151124.73127228732
143,144105.97661999738
804,203769.51016550948
1214,155747.32673251317
2828,146362.99627546308
1999,187399.70352687544
2467,193802.5305284885
2665,147011.43150527275
1538,419620.72072867694
398,121913.87625875643
2822,135484.31171832088
2157,149991.93150120165
1856,182489.5259841658
1269,106742.57922568312
2570,120626.72310711871
2320,236738.10839131032
1517,128568.21051660663
2304,119664.27761806436
1312,104129.83622148256
2012,136588.5932861337
506,228125.8409890064
2865,228689.36344934965
2367,105631.94373083203
554,95037.55177615155
238,133403.3125144519
1954,124413.97087759868
2488,118155.70594324559
2291,89421.35018914436
1969,113207.53628841374
2725,152665.68666249118
1482,153715.14616329916
2763,190790.95387033178
503,243622.7160132215
1584,248373.9397483437
1531,142990.36962771846
2210,162369.6860391525
459,333942.13724213856
556,129031.14999538881
1347,133970.63469294665
1290,85988.33259126043
1388,106970.91189842549
1571,260673.35568874693
2754,194237.70024002023
765,126790.94450083449
2494,130471.08486947381
2870,229477.6159557207
7,216953.56064889196
1114,249026.41747141525
2418,277065.43524219445
291,119787.13586591798
18,311367.08253441984
39,393604.69246823597
1001,233511.2624625333
2442,222066.71504957892
616,122059.84615094903
2680,81088.17001620334
1414,126644.67572661724
289,155153.27314434043
40,237987.50457638633
860,124611.27869441092
409,137480.27410939382
673,150652.01745901367
2427,174681.19956507106
2036,212856.24098214193
2564,138863.80667890116
642,147954.87715620702
1008,181127.25718752525
1908,134458.68960412813
2519,200091.45219524953
1369,94552.84159203284
2855,166214.2021640409
712,91836.95602062251
1943,114857.19150006528
1958,130029.82949213462
107,164153.70204373726
2295,184055.9263270417
704,101327.66624068144
676,137531.9387095417
259,179049.85280306032
93,284237.68214191566
106,248627.85762153912
2315,176951.45768328762
1050,116051.9180255262
1095,205465.43627715786
2709,147891.41968678884
758,135743.30237557166
1496,154798.1261724043
2370,118523.50457077837
2458,287154.7088630635
2733,136956.8459070245
161,268755.4660389289
726,156006.6713885955
845,205116.69822607734
947,251811.77925223834
2232,113945.04136798845
2563,150015.85874746353
2299,128626.18960553741
211,99647.15253538839
605,153596.26586115183
1478,194791.91310170112
2247,282221.4607894151
2274,185294.83033061944
2869,205108.59658556274
967,210090.80872450353
2656,126345.52034551385
667,190308.31503253902
1042,109148.6794873523
2023,164055.82726780398
2447,399476.65291543474
2055,126099.40910517896
2275,300937.5055804348
2204,178857.17598488161
1563,283153.93600711896
483,206309.14048657723
796,140839.8664961311
1526,163674.91358388678
2042,116237.78944218055
442,329606.39151514217
1693,318990.81217589247
1468,217713.75169196192
1430,203585.93046614015
2605,126832.72323312126
1529,194123.19677624496
335,137752.90154174468
1287,130809.45104204235
31,101313.65200032959
1785,326186.7163490005
82,160186.25244897662
2620,125493.45937766194
252,183001.0205445811
721,80138.82754937629
2165,178917.2635433197
2316,182812.73003819585
775,132158.51248813685
1558,98564.38124784196
17,205032.8902956171
1022,219389.61603213163
925,142122.19216037457
438,265264.7492131403
1270,131116.6950520044
1272,127793.08771544171
215,135007.33045226068
266,227415.233008919
2402,258033.1760862462
1250,133710.62134949327
1984,109765.82957408932
1279,147919.16888035825
377,255584.21975513847
1252,107854.0989019796
2156,258608.1824358122
499,308746.45906936505
1374,126561.90135744418
2898,224381.55860506688
401,120918.75769818069
2721,142136.60144565025
2078,239364.7626778252
2589,131809.20330941112
1946,219189.47855262877
1334,126513.9809790425
2781,226429.31479188165
431,399790.0425227625
576,199005.7391792198
1474,207846.84262545282
2254,143127.80776822887
2155,289182.3334576714
885,104093.38608530647
643,144786.72440609254
1944,131613.23663169178
480,195601.7206766904
2845,94858.3333555021
2387,313100.1636629416
2407,194954.1786635282
2527,164971.81095265225
2514,152922.65553228112
629,124180.20069434757
80,202946.32403882354
1876,139730.75666939022
1546,121002.48334435624
2518,170834.69447841693
2347,164680.93961818985
783,232493.6357344255
1322,54825.02269186947
194,83030.04320514949
1770,286691.24566402624
2143,143967.7008430015
1229,214440.96636065867
511,293566.76406740164
46,216293.4729656234
1348,143519.53486704864
2465,191504.4466198952
387,232430.3690470401
873,217265.10324963348
1918,129647.41136374012
2764,236387.4037462857
2184,122112.86753652802
934,144507.33859666917
1920,136290.06777682135
2631,144223.98415581274
1768,823932.4074514161
2040,119655.21708618662
1749,215076.87474326818
834,242275.89741611065
1457,227812.9360175824
79,129583.25120617788
2302,125535.91303861904
1817,149263.63109867138
2755,232393.16171747242
359,175869.28634820305
2059,118031.3434995032
2092,228356.56552525234
2516,220112.3979534023
150,124200.80007261517
1656,136043.4249353892
83,94946.5360172726
2411,180289.44435058557
795,86204.4524735899
2312,214573.417167766
2917,95381.64701022951
1624,177182.91874098819
2215,343866.3857643932
1211,152940.33485347987
1485,157697.702791395
1024,170128.6255758758
570,198815.78825724268
2874,144701.35685649718
700,115979.17400460018
2756,205359.9155068236
2022,181248.5851187621
583,216166.60603146616
2392,361335.9609919709
2424,178593.3319682938
212,108923.43517384991
736,130860.45008888369
1610,156333.37772511752
890,122337.08239921907
467,179334.34601550322
578,211922.52554084331
1747,194411.9767863998
1149,161046.176837873
2758,261626.80174381577
857,136514.67972091204
2219,255693.33501520808
733,85928.64776351527
2909,113456.00620080243
1798,259142.29403284725
235,128375.16517296775
2366,123230.23126973769
1027,135218.07861222306
1195,140406.4584961053
1303,73968.90454986236
148,176727.2320861306
608,153711.4975594113
2515,190643.00065826956
821,270060.91959147877
2500,243139.03937138582
745,107181.53610614556
741,131355.28105481036
1611,108076.74511951153
2532,131934.70946989048
1081,234232.82193199606
1692,482027.49241885537
2520,180108.10872069042
276,107705.37571040668
1992,122751.1724420957
663,65710.25954363677
418,131706.74642244575
1733,190083.23463966223
2359,149851.5471020568
253,177026.85915493348
1518,173141.25753253195
2035,133325.02457862868
2919,85045.07096364102
1540,261009.89366489212
2120,148246.41544344573
1674,173971.25596297413
256,150140.16215906234
2361,107502.17471117554
978,93047.4651660614
2280,146486.0759069149
2095,217089.47306289696
1709,326012.88220089296
2801,246246.32943407138
1246,120087.33282632059
2373,104137.22912352446
1055,295518.6281911165
2017,127327.11661895576
1099,237513.84739504286
1344,81713.89023443668
835,165608.25869117992
1117,207684.89212581256
2043,97854.0229314608
2085,129960.69620236589
410,149203.34426669468
2650,119280.67570906875
2867,183453.3607067633
1668,120098.67146243597
1161,162399.1136631861
2122,174048.1247733305
2539,151110.95144017893
1047,147561.00131923563
1445,129077.53963819938
541,131836.06105387153
569,212118.5557085114
1276,123364.67855271118
918,140410.46066955378
326,159804.95165564332
1936,131378.32291246546
895,77696.17704812411
257,146511.10846283738
1241,172052.02765855682
1545,115048.52308364102
1189,175211.87445408868
270,148627.43700406913
2066,167006.28072503075
693,121903.71091128739
1259,144950.6801823515
2916,154569.78878632892
2321,300525.86274487
1977,48945.67672424846
1895,147696.6941856923
1240,166531.32824448918
85,148364.01075588042
1823,125574.19352884725
825,311407.40863413125
110,234116.9757743078
697,111772.13747966327
2297,118310.95669043653
1231,139534.1949415972
1355,135375.99819420636
968,348402.9611062923
584,205771.37967623567
1315,125823.4679092119
1606,145380.4363774945
206,99822.19170304084
1685,369798.33880968683
2016,137135.0553033913
869,201555.73531003634
2135,129298.0049660744
2346,180689.76058197554
2430,239698.266909942
2198,90209.84581232663
2652,126073.65730961051
27,123780.94057160243
241,166188.9904492949
906,134071.8902226135
1506,108807.13132276393
2098,401770.79685919394
1435,219795.81251579028
2213,133200.8070209489
1274,140794.2595612406
743,32126.53194355686
1737,193937.76570881324
2797,278591.0570394371
2185,80709.78912740406
58,171214.2153451181
830,196933.60458859042
808,120358.19655810334
680,144282.4271941932
1153,113430.59427213922
1291,129552.40505685197
1818,139310.01092948992
2161,180221.04560248362
1883,126043.15697521009
350,387891.2292411821
2473,142468.98546565816
295,183029.16289317218
293,189191.9156624364
859,132467.22804270466
288,71435.90935606716
1578,147037.85570373494
102,173707.8499691565
2831,130673.129681655
1030,154119.40441831286
2551,144918.1476904206
1286,149649.56798169872
958,321410.15056562546
776,130933.72325815691
72,245149.76035534716
2263,251896.36431649514
1866,152893.9439197849
2876,82523.01352861935
2146,245329.5219134233
103,169646.0533951966
1500,142908.75628527405
492,176597.11538604434
167,153618.73684524238
2597,122443.77639929242
2685,114122.0834607233
1035,161310.73056541395
1220,84405.65940433166
2602,161210.36191832327
2159,204304.42408941567
695,122634.84153296934
1109,255866.42317783067
640,164588.9246818638
1652,154287.36196806934
2090,154538.27944012487
1188,181235.15875966405
2345,223944.26127343267
1059,436560.9327819164
2751,231221.11722760208
128,201250.66546125998
1523,180081.77136829268
2925,174115.1184531921
2145,307109.0366811995
1121,215731.1214827309
566,230477.93527084202
565,238492.61597184895
1331,134053.1661220732
2928,123140.05371877336
156,144648.73623214877
797,134642.1025908734
327,96119.6387600987
2859,142749.87183525032
1453,121804.74060627994
1762,347762.78637752106
1868,200132.93031582917
1760,176102.90447921117
1113,237984.94510507124
1812,188282.67448291727
117,156160.69076137015
1142,211428.4148176309
2342,424895.3854271771
927,143894.47534212656
2478,180998.72246122814
655,96884.36334029553
2064,121609.72817208864
369,259437.76494815393
2239,112433.31846099715
2732,222305.14284335822
1653,163209.91520457936
959,211756.60178363186
2395,355542.23672343994
1412,113011.75705480018
271,248148.58471466086
1484,154340.27019960844
1497,154361.57300647156
552,147714.3450608497
2,121090.25052174598
1855,299683.28520086216
4,256855.72847344767
2292,157975.33661319644
134,141995.537155807
646,112456.97572915451
42,276629.26648730855
532,233121.5317566007
713,100526.33076805755
2561,138601.93432125472
2360,134425.09005035274
1333,124864.03040854617
1407,243250.2760626863
2892,299223.4821078393
574,214038.384539104
1227,166028.9031135872
2591,204954.88589710416
1476,212341.91928649234
1125,249984.11153317144
1446,144104.02183482973
408,113467.00558362412
1101,293702.41259499156
2251,193954.7427830703
373,175687.04779521743
2554,133639.4185251685
2382,249937.14877248864
1985,97632.18424768721
519,232948.30257206055
1093,189455.25493419784
864,248108.6460696022
2889,149240.09342573295
2308,183727.69249027513
986,147945.39101241704
1302,143400.57794393584
585,157260.20937955487
2708,153273.15524812439
147,128711.88284437539
1441,229769.0374609756
383,174438.09036805548
285,143984.71523487192
181,116120.02378636811
358,186800.38704277316
780,159424.3197427071
258,186603.25977175144
1865,200065.70872874884
692,118699.09535306331
2902,364438.9259284412
508,243244.88047185552
2638,138836.2853862493
36,146925.28064556394
611,170317.68714774714
2281,144175.26561420455
1678,113190.98692836254
1696,540141.130163664
1557,90556.90322477302
2180,157611.85112321933
1726,215488.59101514725
951,144484.60198390135
267,217056.400024796
2706,138982.3493463117
2221,258307.03104169245
1357,162920.3974939729
2901,336243.2407523051
347,177118.18658127033
2164,191942.1879833609
1586,320488.2595584031
360,156712.2002684333
1769,232949.82620315143
2617,151207.62646019433
1879,142357.46611873564
991,227085.01260262955
1535,131084.82326108473
1191,146005.37508284894
1579,210047.72871296504
1882,143730.67606716353
1510,125279.57410947382
2196,128527.26380465148
1845,173938.9828169518
2336,412437.11356015207
942,96047.23359393058
861,134394.74339890256
2555,121637.98300970088
1392,160158.37085169228
2099,254754.1718920213
1543,127618.79144985808
948,274330.9958961679
1239,178653.48965497507
22,187636.3561620575
2796,244398.41656621522
2747,181082.45508675804
92,270819.09239729214
210,162365.20582477128
1858,206607.84130401575
2228,163554.26775127536
447,209624.52121378688
827,246730.3047702522
1649,199686.30713233692
682,132325.1074134765
2698,108133.44850796602
494,163601.6263636542
214,103384.90379427565
2441,243872.34015792562
2679,105287.45985737731
1336,117977.22611604343
465,179705.80541206372
1524,153694.818892835
2543,118206.77640245818
631,144540.90679078345
2452,303431.0314047451
228,145641.60276721162
126,168305.7912052319
1092,225920.27818460204
1122,203000.8884293981
932,206032.04946124696
1980,94171.32729733473
2171,109805.45714432691
551,154547.90257461765
2768,179334.01719761148
2056,117141.09043610138
1159,350688.04622645467
2645,118053.68602971836
1174,171567.0306036328
2266,197297.18962483198
2462,454603.61558173114
1219,145779.1977581775
2922,172964.3727798992
118,144004.1127241665
474,173285.38266305008
2576,145087.29737801102
872,297868.22862702265
1077,204494.42934453773
1536,141807.1551723915
1150,127851.65364551538
2341,328740.6005951428
1931,149845.77010041772
2785,136613.02518609795
2538,132406.8279944467
597,203427.56683325296
464,176544.4442740178
233,232696.0704815122
2169,138838.99105703647
2123,171367.92339707274
1867,176918.34382257602
137,232748.18993912774
515,241013.28609469652
933,118433.73443103823
2784,162713.45930706456
972,169818.1598046911
599,168412.58539118702
2614,131283.95997691044
2582,141851.23789256884
1409,154434.14939997048
175,92365.72225194497
352,205063.6887645125
976,103473.52247646639
2134,192321.753257905
984,112672.90940692423
2396,369835.7491724799
1673,147680.1603090693
404,116110.11598453997
607,166865.66992482918
814,146862.02956195144
868,189904.68850491315
2271,184437.25299817623
1633,214017.06021492076
337,159732.2186911812
2765,158617.91567293354
1746,253839.07121050323
368,337735.30149824085
2806,208256.6574940389
1662,180032.31544009075
1234,214798.5404550139
1373,128258.32168650796
1672,120387.91978156031
1939,127328.48393128079
